0 0 1
1 0 2
2 3 5
3 1 3 6
4 2 4 7
5 4 8
6 9 12
7 9 5 13
8 6 10 14
9 7 10 15
10 8 11 16
11 11 17
12 12 20
13 13 18 21
14 14 18 22
15 15 19 23
16 16 19 24
17 17 25
18 20 26 29
19 21 26 30
20 22 27 31
21 23 27 32
22 24 28 33
23 25 28 34
24 29 37
25 30 35 38
26 31 35 39
27 32 36 40
28 33 36 41
29 34 42
30 37 43 46
31 38 43 47
32 39 44 48
33 40 44 49
34 41 45 50
35 42 45 51
36 46 54
37 47 52 55
38 48 52 56
39 49 53 57
40 50 53 58
41 51 59
42 54 60
43 55 60 63
44 56 61 64
45 57 61 65
46 58 62 66
47 59 62
48 63 67
49 64 67 69
50 65 68 70
51 66 68
52 69 71
53 70 71
